1252714165
2147372
892978
598533
451115
362719
300467
258001
222341
196630
175322
156972
144638
131238
121967
113014
105677
98077
90448
86933
80995
77362
72581
69946
65649
63998
60547
57777
54833
51941
50846
48788
47447
45481
43381
42337
40990
39078
38920
36644
36296
34825
33927
33015
32089
31191
29347
29323
28775
27864
26941
26539
26789
25659
25265
24189
23326
23607
22897
21871
21217
21449
20731
20713
20183
19177
19331
19237
18469
19065
17943
17687
17556
16818
16406
16535
16005
16060
15687
15253
15182
15201
14829
14914
14332
14256
14571
14146
13984
13769
13741
13233
13051
12860
12660
12379
12351
12118
12028
12171
12147
11830
11576
11589
11020
11413
11235
11235
10314
10555
10420
10739
10579
10294
10601
10383
10297
10342
9868
10019
10115
9777
9446
9594
9501
9739
9812
9375
9453
9295
9149
9205
9062
8871
8989
8591
9318
8785
8610
8414
8682
8829
8750
8629
8264
8756
8752
8438
8271
8395
8197
8316
8112
8305
8084
7937
8864
8150
8053
8214
8567
8002
8231
7997
7781
7923
7973
7828
7832
7664
8147
7741
7519
7969
7538
7807
7697
7783
7753
7639
7515
7568
7421
7372
7624
7632
7630
7315
7835
7510
7581
7591
7546
7704
7256
7667
7632
7580
7213
7512
7712
7163
7436
7629
7561
7223
7432
7613
7144
7577
7652
7809
7500
7787
8702
10321
47473
