40714296
3068687
1246969
833650
621798
500910
412435
351205
302059
267696
238517
212176
196859
178356
164745
150537
140835
130972
120874
115699
107760
102105
96414
92988
87053
84329
79381
75688
73754
69304
67577
65550
63316
60226
58250
56382
54902
52110
50966
49283
47719
46328
45317
44525
42372
41031
40499
39509
37999
37178
36248
35188
34553
33752
33215
32196
31973
31890
30541
29605
29207
28512
27809
27559
26778
26238
26012
25496
24535
24687
24608
24181
23736
22954
22653
22124
21713
21581
21233
20306
20459
19999
19898
19647
19404
18702
19037
18907
18525
18290
18499
17650
17523
17252
16607
16502
16713
16202
16094
16097
15776
15511
15614
15107
14898
14906
14484
14579
14132
14074
13772
14016
13682
14103
13538
13629
13435
13292
12737
12613
12993
12358
12322
12564
12546
12557
12251
12403
11966
12047
11941
11622
11560
11855
11574
11272
11836
11332
11195
10968
10985
10826
11121
10980
11009
11084
10826
10878
10831
10705
10774
10631
10289
10519
10431
10342
10631
10396
10546
10503
10076
9910
10283
10017
10686
10373
10275
10093
10326
10373
10031
10234
10210
10508
10320
10286
10283
10236
10173
10141
10320
10495
10467
10354
10913
10381
10583
10637
10724
11121
11226
11616
11067
11556
11692
11939
12130
12037
12333
13033
13385
12764
13346
13632
14420
14155
14712
15917
16895
18012
19518
21391
23325
27734
35972
60811
1998689818
